2,2.5576
3,2.5981
4,2.6206
5,2.6351
6,2.6452
7,2.6528
8,2.6587
9,2.6635
10,2.6674
12,2.6736
14,2.6783
16,2.682
18,2.685
20,2.6876
22,2.6898
24,2.6917
26,2.6934
28,2.6949
30,2.6963
32,2.6976
34,2.6988
36,2.6999
38,2.7009
40,2.7019
42,2.7028
44,2.7036
46,2.7044
48,2.7052
50,2.706
52,2.7067
54,2.7074
56,2.708
58,2.7087
60,2.7093
62,2.7099
64,2.7104
66,2.711
68,2.7115
70,2.7121
72,2.7126
74,2.7131
76,2.7136
78,2.7141
80,2.7145
82,2.715
84,2.7154
86,2.7159
88,2.7163
90,2.7167
92,2.7172
94,2.7176
96,2.718
98,2.7184
100,2.7188
102,2.7191
104,2.7195
106,2.7199
108,2.7203
110,2.7206
112,2.721
114,2.7213
116,2.7217
118,2.722
120,2.7224
122,2.7227
124,2.723
126,2.7234
128,2.7237
130,2.724
132,2.7243
134,2.7246
136,2.7249
138,2.7253
140,2.7256
142,2.7259
144,2.7262
146,2.7265
148,2.7268
150,2.727
152,2.7273
154,2.7276
156,2.7279
158,2.7282
160,2.7285
162,2.7287
164,2.729
166,2.7293
168,2.7296
170,2.7298
172,2.7301
174,2.7304
176,2.7306
178,2.7309
180,2.7311
182,2.7314
184,2.7316
186,2.7319
188,2.7322
190,2.7324
192,2.7326
194,2.7329
196,2.7331
198,2.7334
200,2.7336
202,2.7339
204,2.7341
206,2.7343
208,2.7346
210,2.7348
212,2.735
214,2.7353
216,2.7355
218,2.7357
220,2.736
222,2.7362
224,2.7364
226,2.7366
228,2.7369
230,2.7371
232,2.7373
234,2.7375
236,2.7378
238,2.738
240,2.7382
242,2.7384
244,2.7386
246,2.7388
248,2.739
250,2.7393
252,2.7395
254,2.7397
256,2.7399
258,2.7401
260,2.7403
262,2.7405
264,2.7407
266,2.7409
268,2.7411
270,2.7413
272,2.7415
274,2.7417
276,2.7419
278,2.7421
280,2.7423
282,2.7425
284,2.7427
286,2.7429
288,2.7431
290,2.7433
292,2.7435
294,2.7437
296,2.7439
298,2.7441
300,2.7443
302,2.7444
304,2.7446
306,2.7448
308,2.745
310,2.7452
312,2.7454
314,2.7456
316,2.7458
318,2.7459
320,2.7461
322,2.7463
324,2.7465
326,2.7467
328,2.7469
330,2.747
332,2.7472
334,2.7474
336,2.7476
338,2.7478
340,2.7479
342,2.7481
344,2.7483
346,2.7485
348,2.7486
350,2.7488
352,2.749
354,2.7492
356,2.7493
358,2.7495
360,2.7497
362,2.7498
364,2.75
366,2.7502
368,2.7504
370,2.7505
372,2.7507
374,2.7509
376,2.751
378,2.7512
380,2.7514
382,2.7515
384,2.7517
386,2.7519
388,2.752
390,2.7522
392,2.7524
394,2.7525
396,2.7527
398,2.7529
400,2.753
402,2.7532
404,2.7533
406,2.7535
408,2.7537
410,2.7538
412,2.754
414,2.7541
416,2.7543
418,2.7545
420,2.7546
422,2.7548
424,2.7549
426,2.7551
428,2.7552
430,2.7554
432,2.7556
434,2.7557
436,2.7559
438,2.756
440,2.7562
442,2.7563
444,2.7565
446,2.7566
448,2.7568
450,2.7569
452,2.7571
454,2.7572
456,2.7574
458,2.7575
460,2.7577
462,2.7579
464,2.758
466,2.7581
468,2.7583
470,2.7584
472,2.7586
474,2.7587
476,2.7589
478,2.759
480,2.7592
482,2.7593
484,2.7595
486,2.7596
488,2.7598
490,2.7599
492,2.7601
494,2.7602
496,2.7604
498,2.7605
500,2.7606
502,2.7608
504,2.7609
506,2.7611
508,2.7612
510,2.7614
512,2.7615
514,2.7616
516,2.7618
518,2.7619
520,2.7621
522,2.7622
524,2.7623
526,2.7625
528,2.7626
530,2.7628
532,2.7629
534,2.763
536,2.7632
538,2.7633
540,2.7635
542,2.7636
544,2.7637
546,2.7639
548,2.764
550,2.7642
552,2.7643
554,2.7644
556,2.7646
558,2.7647
560,2.7648
562,2.765
564,2.7651
566,2.7652
568,2.7654
570,2.7655
572,2.7656
574,2.7658
576,2.7659
578,2.766
580,2.7662
582,2.7663
584,2.7664
586,2.7666
588,2.7667
590,2.7668
592,2.767
594,2.7671
596,2.7672
598,2.7674
600,2.7675
602,2.7676
604,2.7678
606,2.7679
608,2.768
610,2.7681
612,2.7683
614,2.7684
616,2.7685
618,2.7687
620,2.7688
622,2.7689
624,2.769
626,2.7692
628,2.7693
630,2.7694
632,2.7696
634,2.7697
636,2.7698
638,2.7699
640,2.7701
642,2.7702
644,2.7703
646,2.7704
648,2.7706
650,2.7707
652,2.7708
654,2.7709
656,2.7711
658,2.7712
660,2.7713
662,2.7714
664,2.7716
666,2.7717
668,2.7718
670,2.7719
672,2.7721
674,2.7722
676,2.7723
678,2.7724
680,2.7726
682,2.7727
684,2.7728
686,2.7729
688,2.773
690,2.7732
692,2.7733
694,2.7734
696,2.7735
698,2.7737
700,2.7738
702,2.7739
704,2.774
706,2.7741
708,2.7743
710,2.7744
712,2.7745
714,2.7746
716,2.7747
718,2.7749
720,2.775
722,2.7751
724,2.7752
726,2.7753
728,2.7754
730,2.7756
732,2.7757
734,2.7758
736,2.7759
738,2.776
740,2.7762
742,2.7763
744,2.7764
746,2.7765
748,2.7766
750,2.7767
752,2.7769
754,2.777
756,2.7771
758,2.7772
760,2.7773
762,2.7774
764,2.7775
766,2.7777
768,2.7778
770,2.7779
772,2.778
774,2.7781
776,2.7782
778,2.7783
780,2.7785
782,2.7786
784,2.7787
786,2.7788
788,2.7789
790,2.779
792,2.7791
794,2.7793
796,2.7794
798,2.7795
800,2.7796
802,2.7797
804,2.7798
806,2.7799
808,2.78
810,2.7802
812,2.7803
814,2.7804
816,2.7805
818,2.7806
820,2.7807
822,2.7808
824,2.7809
826,2.781
828,2.7812
830,2.7813
832,2.7814
834,2.7815
836,2.7816
838,2.7817
840,2.7818
842,2.7819
844,2.782
846,2.7822
848,2.7823
850,2.7824
852,2.7825
854,2.7826
856,2.7827
858,2.7828
860,2.7829
862,2.783
864,2.7831
866,2.7832
868,2.7833
870,2.7835
872,2.7836
874,2.7837
876,2.7838
878,2.7839
880,2.784
882,2.7841
884,2.7842
886,2.7843
888,2.7844
890,2.7845
892,2.7846
894,2.7847
896,2.7848
898,2.785
900,2.7851
902,2.7852
904,2.7853
906,2.7854
908,2.7855
910,2.7856
912,2.7857
914,2.7858
916,2.7859
918,2.786
920,2.7861
922,2.7862
924,2.7863
926,2.7864
928,2.7865
930,2.7866
932,2.7867
934,2.7868
936,2.7869
938,2.7871
940,2.7872
942,2.7873
944,2.7874
946,2.7875
948,2.7876
950,2.7877
952,2.7878
954,2.7879
956,2.788
958,2.7881
960,2.7882
962,2.7883
964,2.7884
966,2.7885
968,2.7886
970,2.7887
972,2.7888
974,2.7889
976,2.789
978,2.7891
980,2.7892
982,2.7893
984,2.7894
986,2.7895
988,2.7896
990,2.7897
992,2.7898
994,2.7899
996,2.79
998,2.7901
1000,2.7902
